925
927
958
952
924
926
953
923
929
928
921
916
910
905
886
889
890
888
885
887
884
883
873
874
863
847
858
860
861
857
856
846
852
845
838
837
825
823
826
818
819
820
821
817
813
802
808
773
803
775
772
797
774
795
784
792
771
770
769
761
762
753
751
728
730
726
718
720
717
712
710
703
702
691
690
695
693
683
678
684
643
642
641
665
663
664
640
661
660
656
639
652
647
646
638
644
637
632
636
628
630
622
620
616
612
609
600
598
597
594
595
589
575
566
562
541
537
532
530
531
524
523
522
491
484
485
470
440
411
409
398
399
396
397
394
392
393
391
390
386
374
345
328
323
311
312
306
301
302
291
290
267
212
209
207
206
188
190
185
182
172
171
170
162
159
158
153
147
134
130
125
120
119
100
98
99
76
72
64
52
50
45
44
39
21
20
15
